county_from,county_to,distance
1,135,15.737401044717
3,135,115.46843412524
5,135,115.935296899295
7,135,93.5364367079752
9,135,135.070214234012
11,135,156.431553741837
13,135,133.806146082569
15,135,120.473451762404
17,135,106.732629117978
19,135,148.645887279125
21,135,193.604076824941
23,135,146.408398154581
25,135,92.9412434752558
27,135,134.926653543268
29,135,165.979990881774
31,135,167.940995244324
33,135,25.7478477150565
35,135,120.495896592084
37,135,25.7843769378689
39,135,284.885098282243
41,135,140.608186810256
43,135,269.56117251196
45,135,145.730721990983
47,135,127.461333246773
49,135,131.729827029412
51,135,71.8260944379591
53,135,178.438230815509
55,135,190.369091180684
57,135,63.568216978719
59,135,80.0863060865569
61,135,102.587234157739
63,135,13.6055139660666
65,135,85.3835115413059
67,135,63.7085953409629
69,135,46.7342571553306
71,135,127.135516294965
73,135,137.197744023428
75,135,268.885112875971
77,135,30.5296729206329
79,135,90.0241771113253
81,135,37.396709595039
83,135,83.2860344397449
85,135,49.9152114867885
87,135,218.70732326127
89,135,195.092918798734
91,135,120.969637214376
93,135,72.5491205154895
95,135,172.355224876279
97,135,99.7731654739533
99,135,231.420691899776
101,135,56.7111640586093
103,135,122.019979415827
105,135,40.6262431984499
107,135,100.757399095512
109,135,124.540787585672
111,135,166.05546340771
113,135,249.704473209385
115,135,201.410304894014
117,135,113.262590446773
119,135,111.534425575726
121,135,170.109337036544
123,135,66.6670341833592
125,135,55.7958718155089
127,135,63.6040667908604
129,135,148.109703081504
131,135,99.0627807592754
133,135,127.812959177861
137,135,151.670811427611
139,135,160.087006408103
141,135,127.63163884768
143,135,151.740942424966
145,135,23.9659187693599
147,135,103.141045831845
149,135,179.453461647494
151,135,45.5169439257833
153,135,81.3509940506195
155,135,98.3453058594488
157,135,43.0344221765807
159,135,83.9946893120958
161,135,163.529521058653
163,135,85.171404008189
165,135,86.8346579167594
167,135,82.1970560016192
169,135,66.7302634560202
171,135,90.6705589275794
173,135,245.867692525266
175,135,215.797063076496
177,135,165.718233587611
179,135,108.482274261698
181,135,44.9676866756611
183,135,32.2902431739545
185,135,61.3628553458304
187,135,143.245555502401
189,135,145.020792873787
191,135,79.037330181881
193,135,114.616676472414
195,135,71.6134608762786
197,135,86.5407900394345
199,135,178.459946117888
1,81,21.8631135141162
3,81,78.3949786952819
5,81,80.0229015567323
7,81,78.3938544769925
9,81,98.4212715113927
11,81,119.040421855511
13,81,170.228527459328
15,81,157.841953424224
17,81,124.555615962765
19,81,166.330724634457
21,81,156.945969754364
23,81,109.73845294916
25,81,64.1708679109162
27,81,97.6763543164028
29,81,202.956566863899
31,81,201.979096080141
33,81,33.4204597168518
35,81,84.8254376886543
37,81,39.6509122795033
39,81,248.671984585457
41,81,177.91312815377
43,81,233.756063767986
45,81,111.755421511882
47,81,141.503605964526
49,81,165.88762003842
51,81,89.2428956877731
53,81,215.385574105003
55,81,227.558795346587
57,81,30.5175365343902
59,81,43.3886228588377
61,81,130.923465204424
63,81,50.9556202735501
65,81,122.704862998686
67,81,26.4111847522057
69,81,84.0703236223513
71,81,94.9705943461658
73,81,173.758016704856
75,81,232.306166597937
77,81,64.8885102723412
79,81,125.098860053917
83,81,120.172179379882
85,81,71.1014469754414
87,81,181.995439349641
89,81,159.44869953104
91,81,157.689742028088
93,81,79.5422884886475
95,81,209.035376437792
97,81,63.5971381587625
99,81,195.376425351866
101,81,88.7276887415921
103,81,154.666304925366
105,81,54.1273816494754
107,81,133.934543277304
109,81,90.2861781372702
111,81,129.418373733661
113,81,213.853882574969
115,81,164.17435348729
117,81,150.542530722228
119,81,82.1481311895954
121,81,132.748098984866
123,81,51.6064158161144
125,81,55.8664515709635
127,81,100.950694301758
129,81,170.288488462009
131,81,135.272081254438
133,81,157.537648934617
135,81,37.396709595039
137,81,186.876914295891
139,81,197.201976798313
141,81,152.316460935484
143,81,188.985452642364
145,81,50.5538168703673
147,81,139.477633947025
149,81,144.507035860395
151,81,25.5247235965426
153,81,74.456381165264
155,81,106.765785513307
157,81,20.8591198722244
159,81,51.2375160157449
161,81,128.310923291801
163,81,109.57036775199
165,81,87.383938020978
167,81,59.1823625812942
169,81,33.692294679188
171,81,55.1610776421365
173,81,208.971772770864
175,81,180.29902190923
177,81,203.100322304727
179,81,85.9323614291264
181,81,79.599203045701
183,81,66.7285700035813
185,81,96.6540582222849
187,81,180.592078353506
189,81,107.719997578613
191,81,111.632454739971
193,81,77.3373756953842
195,81,107.811047420172
197,81,49.2290512290269
199,81,141.232832630926
1,33,24.549382791946
3,33,107.96517209375
5,33,100.255532264057
7,33,107.254725707211
9,33,120.481431197863
11,33,145.906700384748
13,33,152.870423791877
15,33,134.075042123372
17,33,132.200489245162
19,33,174.214325489963
21,33,186.762168567471
23,33,139.891218965556
25,33,97.4153770033909
27,33,126.195000031866
29,33,176.395901471242
31,33,189.912834398203
35,33,116.606458282909
37,33,47.7586631026964
39,33,278.936579087618
41,33,153.221342083654
43,33,264.609934695379
45,33,144.43842201611
47,33,152.485093820096
49,33,153.86087097424
51,33,96.9940039769281
53,33,188.638821679697
55,33,206.544433601976
57,33,63.9366823419909
59,33,74.7156920228787
61,33,127.766621723846
63,33,35.3415088546946
65,33,101.955526446556
67,33,54.593010126813
69,33,62.1597148355932
71,33,128.248166519442
73,33,146.27377155154
75,33,261.974806704343
77,33,38.1076481889521
79,33,111.76694832639
81,33,33.4204597168518
83,33,94.4588966564533
85,33,75.3399581948804
87,33,211.567644328953
89,33,190.72883016883
91,33,130.790978006787
93,33,95.1987816253263
95,33,190.472949665535
97,33,95.1514312027698
99,33,226.038171158863
101,33,81.2953344865325
103,33,145.362169379133
105,33,63.9917935593587
107,33,123.979858775887
109,33,122.965526451738
111,33,159.46185515216
113,33,244.70549151363
115,33,192.133501790521
117,33,129.625194811966
119,33,115.524307092843
121,33,160.000733834005
123,33,79.6126788368298
125,33,75.2818744485251
127,33,80.606674240813
129,33,173.851213613645
131,33,107.572069544787
133,33,152.455732965053
135,33,25.7478477150565
137,33,172.526618557079
139,33,171.229291691898
141,33,153.265951435055
143,33,163.756541513507
145,33,20.4220209952614
147,33,122.789810168645
149,33,176.469787269839
151,33,54.1133050397548
153,33,98.902112446578
155,33,121.880133940585
157,33,25.0631023711404
159,33,84.5968365716102
161,33,160.142429299804
163,33,110.90205694076
165,33,107.614778211953
167,33,90.8824528173383
169,33,50.4320274669203
171,33,75.3061694143749
173,33,237.976953777893
175,33,211.646045552095
177,33,180.385419949817
179,33,117.871572528562
181,33,51.6080747836175
183,33,56.4520067964065
185,33,68.5538069456165
187,33,158.643101284656
189,33,132.802551603735
191,33,102.921194566784
193,33,102.84242254864
195,33,92.203216451222
197,33,75.9733096546416
199,33,169.402244505245
1,37,24.7226097359775
3,37,108.939171450554
5,37,118.162175824123
7,37,69.8940988120413
9,37,135.292005692288
11,37,151.537488645643
13,37,136.240619935746
15,37,130.484305960786
17,37,86.7861536358085
19,37,128.926458451243
21,37,184.19031265095
23,37,137.715127669376
25,37,76.3725149644538
27,37,128.828394781663
29,37,178.133651742661
31,37,164.418579556833
33,37,47.7586631026964
35,37,110.184063935047
39,37,273.62823247245
41,37,151.090386052296
43,37,257.497029223049
45,37,132.158854639768
47,37,105.705452781171
49,37,128.68574469468
51,37,51.1274619675921
53,37,190.590742773966
55,37,195.698391796057
57,37,53.9155225911208
59,37,73.9775602456588
61,37,91.4043249043934
63,37,31.0209570116095
65,37,93.5378545289744
67,37,63.5349097902128
69,37,60.3223385051086
71,37,111.996764304295
73,37,151.186226063202
75,37,258.662706430836
77,37,52.8312522173138
79,37,89.5329741743197
81,37,39.6509122795033
83,37,97.4407247679474
85,37,31.562592340507
87,37,209.220930927396
89,37,183.306712297463
91,37,134.733942223346
93,37,47.52270945264
95,37,175.322525254034
97,37,91.2752658825362
99,37,220.108215695723
101,37,51.401334076524
103,37,116.447339818471
105,37,16.4313742779158
107,37,96.2948562576849
109,37,111.896934615053
111,37,156.929709146988
113,37,237.853060727894
115,37,194.305464047665
117,37,120.250794921294
119,37,94.4932626765562
121,37,164.447266647801
123,37,44.6105174927318
125,37,30.1729186218599
127,37,73.0553411776901
129,37,131.33154476082
131,37,114.736332525254
133,37,118.171890980027
135,37,25.7843769378689
137,37,150.621212172432
139,37,171.641226514431
141,37,112.809735401942
143,37,162.584205476809
145,37,49.7166027236401
147,37,105.792959730867
149,37,166.666759585617
151,37,31.1263011391654
153,37,56.052493877161
155,37,74.1279710099286
157,37,55.3405112818758
159,37,71.6461473571937
161,37,151.423284628875
163,37,69.974268120429
165,37,61.106869543472
167,37,62.64678710679
169,37,73.3375547031762
171,37,93.9864501747155
173,37,236.810151331521
175,37,203.531119718013
177,37,173.339442858271
179,37,87.3087601726762
181,37,65.7030590496919
183,37,34.1984716879502
185,37,80.1884077438174
187,37,150.487721632933
189,37,142.269995938795
191,37,73.9739908804386
193,37,112.566752533969
195,37,74.7595739594084
197,37,85.0777526047373
199,37,171.534003861702
1,63,29.1672771289241
3,63,128.818932811932
5,63,129.426903263795
7,63,100.904705179424
9,63,148.641966858868
11,63,169.958983414028
13,63,120.398452692767
15,63,107.020328235347
17,63,101.621849974678
19,63,142.856133317905
21,63,206.729062272584
23,63,159.571225618779
25,63,104.107519033177
27,63,148.349772295368
29,63,152.882037817309
31,63,155.357370399146
33,63,35.3415088546946
35,63,133.353908167918
37,63,31.0209570116095
39,63,297.780511758918
41,63,127.233840517397
43,63,282.294569463084
45,63,157.977798669145
47,63,123.474067868751
49,63,119.185273876305
51,63,68.2095101912239
53,63,165.35481966358
55,63,176.766069212201
57,63,76.1934046898717
59,63,93.3619241934343
61,63,92.8547528653428
65,63,71.7814122901273
67,63,77.300212873674
69,63,33.4142977959667
71,63,138.907237979785
73,63,124.431593739774
75,63,281.944802418443
77,63,21.9526797333372
79,63,77.2467426240972
81,63,50.9556202735501
83,63,70.3827522778093
85,63,46.1524989457793
87,63,231.843752778162
89,63,207.819268202377
91,63,108.113441269445
93,63,73.345056108018
95,63,158.855021301887
97,63,112.842496432104
99,63,244.272109698211
101,63,46.1098194759815
103,63,110.153624698181
105,63,42.0966763888345
107,63,88.7894037396774
109,63,136.949599273651
111,63,179.189201047693
113,63,262.467254388842
115,63,214.808890919912
117,63,99.6573122916735
119,63,122.629845335046
121,63,183.599926216115
123,63,75.140790047668
125,63,60.5280614019176
127,63,50.0071139499497
129,63,140.485970269138
131,63,86.6504443216721
133,63,117.178067625678
135,63,13.6055139660666
137,63,138.673967123425
139,63,146.882919582285
141,63,119.18527515029
143,63,138.425406664684
145,63,24.6566200674077
147,63,89.7929678742661
149,63,191.948383775752
151,63,56.6620482885694
153,63,86.6210319085787
155,63,97.363865095298
157,63,55.7794205675777
159,63,96.2725534037983
161,63,176.146187977385
163,63,77.6841440926199
165,63,89.2949915998579
167,63,92.1138999471356
169,63,80.0201329574156
171,63,104.143808501035
173,63,259.079659814666
175,63,228.44805417941
177,63,152.144711049146
179,63,117.675411878581
181,63,34.790167742247
183,63,21.2701833117475
185,63,50.0423547237993
187,63,129.651177988436
189,63,158.618711102865
191,63,67.5834504569515
193,63,128.216120805012
195,63,58.3975556550628
197,63,100.133949322698
199,63,191.857904483664
1,157,31.6895689857751
3,157,84.043767110995
5,157,75.3830666715318
7,157,98.8594621313619
9,157,95.4897814005803
11,157,121.018505055921
13,157,175.845791882515
15,157,158.754517144077
17,157,142.023665515901
19,157,184.104849085386
21,157,162.571239397335
23,157,116.025623182826
25,157,81.0296873943008
27,157,101.741265440415
29,157,201.445795838
31,157,210.95446657339
33,157,25.0631023711404
35,157,94.1067001529257
37,157,55.3405112818758
39,157,254.80439090628
41,157,178.081734023207
43,157,240.808769741276
45,157,122.867087619789
47,157,160.129335136512
49,157,174.747346510578
51,157,106.389450464404
53,157,213.696891561903
55,157,230.740428750177
57,157,46.8799333109283
59,157,52.6254141997286
61,157,144.104307573289
63,157,55.7794205675777
65,157,125.787612238141
67,157,31.5471089045115
69,157,85.995672805567
71,157,108.379678236669
73,157,171.336542833179
75,157,237.607979692011
77,157,62.8759823342126
79,157,132.951968615181
81,157,20.8591198722244
83,157,119.364120195313
85,157,86.572082700979
87,157,187.229400636262
89,157,167.360786349448
91,157,155.841431708427
93,157,98.9894389418801
95,157,213.948434582823
97,157,72.7365959958697
99,157,202.183103339887
101,157,99.3092033286676
103,157,164.967585108649
105,157,71.2453259560857
107,157,143.749095604184
109,157,101.576675396499
111,157,135.454963300086
113,157,220.931022698236
115,157,167.363162397816
117,157,153.628756986502
119,157,98.0135793664262
121,157,135.147550833639
123,157,72.3738664329945
125,157,75.8941351614647
127,157,104.156115324422
129,157,186.544805669696
131,157,132.635092851522
133,157,169.995633383487
135,157,43.0344221765807
137,157,194.453279994401
139,157,196.243438323361
141,157,167.442487079447
143,157,188.695636022479
145,157,45.4698924664038
147,157,145.389548509799
149,157,153.758030006685
151,157,46.3807598850127
153,157,95.2979102374947
155,157,126.305241389993
159,157,65.9403623164426
161,157,137.369863704725
163,157,124.507566656858
165,157,107.840599216894
167,157,78.5298764044438
169,157,25.4339404186945
171,157,50.3077585135876
173,157,213.412608754922
175,157,188.272887322709
177,157,204.934452501823
179,157,104.758276457649
181,157,76.637266416381
183,157,75.2649461262564
185,157,93.6132666064774
187,157,182.987317403706
189,157,107.762487737561
191,157,121.895552494566
193,157,77.8935547756699
195,157,114.146868983246
197,157,51.488877570811
199,157,144.715707051979
1,151,32.3071246987662
3,151,78.1994603783109
5,151,91.5455750459402
7,151,53.5859487520585
9,151,107.017739486063
11,151,120.964057271365
13,151,167.270692656921
15,151,161.02954720251
17,151,105.294999584993
19,151,146.075213129056
21,151,153.084316301606
23,151,106.596410900622
25,151,47.5074210171191
27,151,98.0687896670712
29,151,208.230281721944
31,151,194.073959757081
33,151,54.1133050397548
35,151,79.0772483257398
37,151,31.1263011391654
39,151,242.813844496755
41,151,181.58437399371
43,151,226.861198605846
45,151,101.816054096466
47,151,120.059045007088
49,151,158.719923791651
51,151,71.4837557433054
53,151,220.709576877293
55,151,226.824539914781
57,151,23.2055810985724
59,151,43.9507917682731
61,151,118.386885248462
63,151,56.6620482885694
65,151,124.288554616329
67,151,38.5508507984989
69,151,89.1643963013325
71,151,82.314362483769
73,151,180.553545320613
75,151,227.666914741946
77,151,76.0459877007295
79,151,120.395237497368
81,151,25.5247235965426
83,151,126.501544330578
85,151,57.5937488578246
87,151,178.129477978347
89,151,152.529785298395
91,151,164.141745112243
93,151,57.4570164824562
95,151,206.347097520922
97,151,60.2689356336176
99,151,189.268091898695
101,151,81.9597260499733
103,151,145.742963193009
105,151,39.1136711757376
107,151,126.223568495211
109,151,81.1807469084451
111,151,125.805170154101
113,151,207.147987519928
115,151,163.246942679335
117,151,151.246218435687
119,151,66.079925311483
121,151,133.649110072742
123,151,26.2761055779583
125,151,33.1379676698822
127,151,103.390340524015
129,151,152.372302472837
131,151,143.188282879097
133,151,145.481336240615
135,151,45.5169439257833
137,151,181.056573412836
139,151,201.903424957775
141,151,136.370225464287
143,151,193.016514321227
145,151,66.2602099437517
147,151,136.887786118698
149,151,136.133630097492
153,151,49.0257246290577
155,151,84.0210992141277
157,151,46.3807598850127
159,151,40.6572458730283
161,151,120.671722407061
163,151,94.9114115249339
165,151,62.9014006033603
167,151,37.3733638801636
169,151,53.7236578177299
171,151,69.2328390746248
173,151,205.70222480548
175,151,172.899724165995
177,151,204.345533373763
179,151,64.2504695261734
181,151,90.423825002917
183,151,65.0336565117887
185,151,106.508443003642
187,151,181.505991632789
189,151,112.467863423767
191,151,104.082248388728
193,151,83.4752992927157
195,151,105.881596477565
197,151,57.1912831689139
199,151,140.518000308356
1,145,33.9537271483331
3,145,127.521992811779
5,145,120.651981796648
7,145,116.768608213236
9,145,140.901435930055
11,145,166.100754069849
13,145,134.212052238549
15,145,113.884321098958
17,145,126.277797526602
19,145,167.468494063337
21,145,206.368600704957
23,145,159.326704685027
25,145,112.495131523528
27,145,146.069251356685
29,145,155.977350610762
31,145,172.917222308143
33,145,20.4220209952614
35,145,135.222693956152
37,145,49.7166027236401
39,145,298.432237841516
41,145,132.884809279817
43,145,283.843611311434
45,145,162.29195532689
47,145,148.053192601198
49,145,137.200321907376
51,145,92.6402654618803
53,145,168.227591929821
55,145,186.703611191145
57,145,80.4371941046863
59,145,93.4718047367719
61,145,115.844468423154
63,145,24.6566200674077
65,145,82.6567957180299
67,145,74.0916500437795
69,145,43.2492502070485
71,145,145.082779484434
73,145,125.891096606153
75,145,281.674465078469
77,145,18.1447725943109
79,145,95.2007980407877
81,145,50.5538168703673
83,145,74.1086609832082
85,145,70.5159126677619
87,145,231.27058154488
89,145,209.708229852795
91,145,110.372598952673
93,145,95.8628583619423
95,145,171.267196792805
97,145,113.865134160273
99,145,245.345595110074
101,145,68.9756418596309
103,145,130.010539241148
105,145,63.9511835064693
107,145,108.711594071593
109,145,140.830308773371
111,145,178.963053336174
113,145,263.933040301233
115,145,212.206241526064
117,145,110.054926864874
119,145,130.978926776006
121,145,180.158372858748
123,145,89.493629315782
125,145,79.7611790630871
127,145,61.7942747828387
129,145,164.621375642282
131,145,87.180595928075
133,145,139.012969880784
135,145,23.9659187693599
137,145,154.781859964174
139,145,150.809842972019
141,145,142.963919201149
143,145,143.36955956677
147,145,104.647477216382
149,145,194.999339803285
151,145,66.2602099437517
153,145,105.246366876655
155,145,120.958214489596
157,145,45.4698924664038
159,145,101.315522881079
161,145,178.76037666942
163,145,102.040489866013
165,145,110.643835925671
167,145,103.6133995389
169,145,70.8540425078519
171,145,95.7278313703281
173,145,257.854177220398
175,145,230.597612169675
177,145,160.273577719454
179,145,130.372894513539
181,145,31.1882409858869
183,145,44.8092521810503
185,145,48.1467739102994
187,145,138.716513774132
189,145,153.151866909464
191,145,88.8522184998598
193,145,123.109038934194
195,145,75.0992685607092
197,145,95.9754158719469
199,145,189.414529353284
1,105,41.1315617960696
3,105,116.636095815684
5,105,130.037781066997
7,105,63.2445485743685
9,105,146.052601158658
11,105,159.469802464395
13,105,131.105549144011
15,105,130.315585050921
17,105,70.8015997915162
19,105,112.85968665218
21,105,189.013655945243
23,105,143.551656892995
25,105,77.965158211866
27,105,136.390448406587
29,105,178.739012122999
31,105,155.380678937068
33,105,63.9917935593587
35,105,115.482593911462
37,105,16.4313742779158
39,105,276.642380073819
41,105,150.884644700401
43,105,260.004305374616
45,105,134.659834045795
47,105,89.3138802709557
49,105,120.40444255135
51,105,35.2335026761003
53,105,191.075022702989
55,105,191.616706205902
57,105,62.1233828681141
59,105,83.018521303704
61,105,79.3144501892873
63,105,42.0966763888345
65,105,93.1914878536918
67,105,75.8203647796806
69,105,65.3656687936192
71,105,113.646227221115
73,105,153.405995680097
75,105,262.462023986817
77,105,63.7929683611627
79,105,83.8656066512434
81,105,54.1273816494754
83,105,100.915517970595
85,105,18.4819424189245
87,105,213.798697073374
89,105,186.499697819108
91,105,137.049987852147
93,105,31.946234081188
95,105,169.972765696036
97,105,98.2718407827576
99,105,223.359002356253
101,105,45.3547951646624
103,105,106.939864029662
107,105,87.9456364064987
109,105,115.505392775994
111,105,162.225150255563
113,105,240.613856525767
115,105,200.519453912093
117,105,118.32529565505
119,105,94.9552345437044
121,105,171.795324314126
123,105,42.3095373357308
125,105,20.8141737606298
127,105,74.5758058986796
129,105,116.161651536422
131,105,118.798700732717
133,105,106.394924880911
135,105,40.6262431984499
137,105,143.164445773198
139,105,171.901377714291
141,105,98.5637259177407
143,105,162.465967392889
145,105,63.9511835064693
147,105,101.507202877454
149,105,169.292563326921
151,105,39.1136711757376
153,105,46.1319171814777
155,105,57.9623876720656
157,105,71.2453259560857
159,105,76.8885786068
161,105,154.733436914437
163,105,56.2841487137929
165,105,47.2058376225113
167,105,62.0144869271511
169,105,87.6072196035237
171,105,106.705084181576
173,105,241.501555704099
175,105,206.209784909881
177,105,170.948845716145
179,105,83.6281640073961
181,105,74.946952286748
183,105,36.4412306818122
185,105,87.4958358335425
187,105,148.150469840497
189,105,151.478719176696
191,105,66.1960470523043
193,105,122.587511029858
195,105,72.1562180142641
197,105,96.0263937636592
199,105,178.057417576071
1,77,45.0746514833001
3,77,143.066804609887
5,77,138.249835601524
7,77,122.596052600743
9,77,158.343346667152
11,77,182.61279525944
13,77,116.269744146846
15,77,95.9686128556118
17,77,118.19406191312
19,77,158.107524625374
21,77,221.779471032079
23,77,174.591244381022
25,77,123.440451290402
27,77,162.026220539434
29,77,138.92987816814
31,77,155.736858489633
33,77,38.1076481889521
35,77,149.547680187971
37,77,52.8312522173138
39,77,313.560494841351
41,77,115.205825423706
43,77,298.593832269002
45,77,175.596247605093
47,77,140.914915602053
49,77,120.309457770708
51,77,86.8776212904381
53,77,151.268854461694
55,77,168.592277679878
57,77,93.2897994405287
59,77,108.276613530647
61,77,102.737435910739
63,77,21.9526797333372
65,77,64.5567347707012
67,77,89.92489801147
69,77,25.4950125542223
71,77,157.392831202148
73,77,109.220246613329
75,77,297.143942543035
79,77,78.6014183316569
81,77,64.8885102723412
83,77,56.5131006141834
85,77,65.4498898209597
87,77,246.797801750917
89,77,224.22198433444
91,77,93.3922406582238
93,77,94.4982776662458
95,77,153.155516683197
97,77,128.44213970794
99,77,260.251109678985
101,77,56.7180437016835
103,77,114.046006747416
105,77,63.7929683611627
107,77,92.9679048184563
109,77,154.270272770339
111,77,194.270052606779
113,77,278.698251713856
115,77,228.410269603152
117,77,91.910518993003
119,77,142.035778736057
121,77,196.573229385674
123,77,96.4025590150082
125,77,82.4806552180611
127,77,43.9380906732733
129,77,153.208622431823
131,77,70.5712530782715
133,77,124.423889377809
135,77,30.5296729206329
137,77,137.225440446797
139,77,133.538534174529
141,77,130.87393727744
143,77,125.852874495416
145,77,18.1447725943109
147,77,86.9861384474336
149,77,208.974058163999
151,77,76.0459877007295
153,77,108.572522895753
155,77,117.420662212451
157,77,62.8759823342126
159,77,113.977928661781
161,77,192.896036037592
163,77,91.8810626585053
165,77,110.887549248377
167,77,112.594742046885
169,77,88.3070736520895
171,77,113.170060444224
173,77,273.648384710066
175,77,245.031695956062
177,77,142.286376572476
179,77,138.652014984083
181,77,14.7511785656589
183,77,35.2423690006671
185,77,31.767527749588
187,77,120.627589060038
189,77,170.086103474739
191,77,74.362379937731
193,77,139.857971627156
195,77,58.3011859641653
197,77,112.311023654581
199,77,205.529485665548
1,183,45.4040127765857
3,183,141.788812004771
5,183,146.660428732906
7,183,99.6365338528716
9,183,165.124075402065
11,183,183.963169925372
13,183,103.758837702828
15,183,96.3016858117071
17,183,83.0041791173665
19,183,123.341557286536
21,183,218.037474028806
23,183,171.319100495969
25,183,110.430582588738
27,183,161.623182806167
29,183,144.107263807127
31,183,135.91653714508
33,183,56.4520067964065
35,183,144.052445118188
37,183,34.1984716879502
39,183,307.77960374744
41,183,116.915271002021
43,183,291.68796128705
45,183,166.35650157104
47,183,105.672697264835
49,183,99.7107908017828
51,183,52.0796659679886
53,183,156.54570633085
55,183,162.263209272646
57,183,87.1993609535048
59,183,106.377688779664
61,183,71.5955228513103
63,183,21.2701833117475
65,183,59.341891623591
67,183,92.9042406617255
69,183,29.1166502318665
71,183,146.128024880943
73,183,117.709699385849
75,183,292.700524634518
77,183,35.2423690006671
79,183,58.4223886486564
81,183,66.7285700035813
83,183,64.6236243582713
85,183,31.6415737149078
87,183,243.10887736831
89,183,217.465639808253
91,183,101.279077950623
93,183,62.9182849194713
95,183,142.732365409779
97,183,124.632036243131
99,183,254.247380300684
101,183,24.8576759389304
103,183,89.7306891244113
105,183,36.4412306818122
107,183,68.484774727367
109,183,146.061494613652
111,183,190.676113655029
113,183,272.03271307185
115,183,227.600934405875
117,183,86.229505365364
119,183,128.377747220869
121,183,197.202973776722
123,183,77.0612689127689
125,183,57.2330400975492
127,183,39.0643960509315
129,183,119.819039824289
131,183,82.4189873063573
133,183,96.0051079308862
135,183,32.2902431739545
137,183,120.220740083144
139,183,137.539760202955
141,183,98.2036948206696
143,183,128.423365657424
145,183,44.8092521810503
147,183,73.0314378756489
149,183,200.862976105535
151,183,65.0336565117887
153,183,82.3534985551608
155,183,83.465023228073
157,183,75.2649461262564
159,183,105.682537486365
161,183,185.586097318721
163,183,57.4204951806556
165,183,80.4930908485616
167,183,96.0424008679248
169,183,98.3246040905652
171,183,121.588674778814
173,183,270.640461430774
175,183,237.720690536273
177,183,139.327413778467
179,183,119.371072356082
181,183,42.0632561916276
185,183,52.0653438294829
187,183,116.499452088963
189,183,173.721023531537
191,183,46.7750406516215
193,183,143.520254828542
195,183,41.4530784348446
197,183,115.490321917584
199,183,204.732362209006
1,57,48.2479754477887
3,57,55.0613776160531
5,57,70.4909354543103
7,57,56.9257330361299
9,57,84.6448906253383
11,57,97.7802075576142
13,57,190.148636605157
15,57,182.426614219142
17,57,125.576476560091
19,57,165.207746062484
21,57,131.016310015958
23,57,84.1374840921971
25,57,34.2131614420979
27,57,74.946727702749
29,57,228.979728767315
31,57,217.268355455106
33,57,63.9366823419909
35,57,57.2470234276084
37,57,53.9155225911208
39,57,221.633118435225
41,57,202.869842306378
43,57,206.102117459892
45,57,82.306472069729
47,57,138.325367515517
49,57,181.924083525001
51,57,93.0960156508952
53,57,241.460024419385
55,57,249.387555464895
59,57,20.9770323173222
61,57,141.198794592201
63,57,76.1934046898717
65,57,146.054209352758
67,57,23.4256441551094
69,57,109.482418282454
71,57,64.6542187861509
73,57,200.610942405126
75,57,206.005108600747
77,57,93.2897994405287
79,57,143.415343792261
81,57,30.5175365343902
83,57,146.575716684781
85,57,80.5916569361846
87,57,156.124546230131
89,57,131.626259274018
91,57,184.305959989739
93,57,76.4149389330566
95,57,229.23049994411
97,57,37.4428718170378
99,57,168.105243383988
101,57,105.075925474445
103,57,168.917014550441
105,57,62.1233828681141
107,57,149.428472790363
109,57,61.0112124438985
111,57,103.568423182734
113,57,186.274162442019
115,57,140.470145557013
117,57,173.348148114033
119,57,51.7629301626676
121,57,110.554930119832
123,57,35.8603819869705
125,57,52.7976330186083
127,57,124.779563042954
129,57,173.095398992175
131,57,162.61672173633
133,57,168.303328771459
135,57,63.568216978719
137,57,204.227345351231
139,57,222.860750393806
141,57,158.128100344715
143,57,214.200709656314
145,57,80.4371941046863
147,57,159.653048716792
149,57,115.885366120182
151,57,23.2055810985724
153,57,60.5866099073252
155,57,101.357151267231
157,57,46.8799333109283
159,57,20.8783450716
161,57,99.9845265412254
163,57,117.360696453125
165,57,77.7478002793805
167,57,33.5903885441373
169,57,42.1225035684262
171,57,50.5429464914096
173,57,183.565595777588
175,57,152.274339735277
177,57,226.414227469176
179,57,58.4398850906964
181,57,108.016847250247
183,57,87.1993609535048
185,57,124.76447340102
187,57,203.622810831454
189,57,89.3554439242379
191,57,127.27610840391
193,57,60.7559697292831
195,57,128.424101060225
197,57,35.9013498812475
199,57,117.655456556528
1,67,48.2705702311352
3,67,53.4398242545372
5,67,54.6274325210792
7,67,80.346175209092
9,67,72.2771877691039
11,67,92.9288642254394
13,67,196.549012702786
15,67,184.008209915861
17,67,143.820800534522
19,67,184.596135138071
21,67,132.284773849731
23,67,85.3151837481712
25,67,53.9989785025405
27,67,72.1118367075177
29,67,228.646540179851
31,67,227.519265741162
33,67,54.593010126813
35,67,62.5773824040498
37,67,63.5349097902128
39,67,224.39837456461
41,67,203.970441973572
43,67,210.017106188622
45,67,91.362700372195
47,67,158.395130509983
49,67,191.546360025981
51,67,109.660875177294
53,67,241.038107384283
55,67,253.966548618507
57,67,23.4256441551094
59,67,21.1999780663871
61,67,154.634800423845
63,67,77.300212873674
65,67,149.076498452336
69,67,110.238000634608
71,67,77.5793234390224
73,67,199.134129043675
75,67,207.582839751707
77,67,89.92489801147
79,67,151.138096268119
81,67,26.4111847522057
83,67,145.904581199528
85,67,93.8964500156227
87,67,157.179582380102
89,67,136.210341071031
91,67,183.218564946098
93,67,95.8354799122768
95,67,235.397737419698
97,67,41.189796946769
99,67,171.446890732762
101,67,114.174563628786
103,67,179.82814547454
105,67,75.8203647796806
107,67,159.374907778858
109,67,70.1429292318414
111,67,104.914995746695
113,67,190.113113796899
115,67,138.492860029393
117,67,176.931227827412
119,67,69.1671692880098
121,67,106.770865197737
123,67,58.2985723824689
125,67,71.5509246056383
127,67,127.307311006078
129,67,190.766804370671
131,67,160.495699517202
133,67,181.552361036561
135,67,63.7085953409629
137,67,212.848129727878
139,67,223.030960349549
141,67,174.213418577356
143,67,214.960845251964
145,67,74.0916500437795
147,67,165.796270588415
149,67,122.306007731059
151,67,38.5508507984989
153,67,83.1414602412659
155,67,121.967763568103
157,67,31.5471089045115
159,67,37.1867304220178
161,67,105.927793488453
163,67,132.102433176408
165,67,99.4471426372826
167,67,56.7358348981356
169,67,18.8565654146902
171,67,30.9171642369413
173,67,183.828024348041
175,67,157.131243373803
177,67,229.420991993658
179,67,80.2565259817798
181,67,104.442339990288
183,67,92.9042406617255
185,67,121.583075695883
187,67,206.951336413075
189,67,81.3247123577961
191,67,137.023381528132
193,67,50.9318228174962
195,67,134.13127845787
197,67,22.8340747235313
199,67,115.604834797619
1,125,50.7658409962355
3,125,104.230718680537
5,125,123.21608641974
7,125,42.4311705241436
9,125,137.182780935612
11,125,146.692021536667
13,125,149.086070799097
15,125,150.548408330069
17,125,72.8230948031049
19,125,113.074654168275
21,125,172.868132462297
23,125,128.713025690856
25,125,60.6622030819649
27,125,123.477869278785
29,125,199.082980039407
31,125,169.886960304078
33,125,75.2818744485251
35,125,100.527062209482
37,125,30.1729186218599
39,125,258.801881083264
41,125,171.055101887898
43,125,241.860551607941
45,125,117.067988077779
47,125,86.9212931126768
49,125,136.01750763311
51,125,40.9652026649557
53,125,211.37143751759
55,125,209.958088121893
57,125,52.7976330186083
59,125,73.3981213674684
61,125,91.2048199679372
63,125,60.5280614019176
65,125,113.514249733784
67,125,71.5509246056383
69,125,86.0534802197338
71,125,95.6740435785154
73,125,174.090561772452
75,125,245.214770662547
77,125,82.4806552180611
79,125,102.015470533179
81,125,55.8664515709635
83,125,121.727923718495
85,125,34.5644481189013
87,125,197.32341736269
89,125,169.065466131191
91,125,157.761361443833
93,125,24.3192312100559
95,125,187.583207617499
97,125,85.5201983756766
99,125,205.820114543144
101,125,64.2501785130511
103,125,121.499877935829
105,125,20.8141737606298
107,125,104.000571917672
109,125,99.0144485575297
111,125,146.686524440763
113,125,222.68310376833
115,125,185.585405855111
117,125,138.022115032403
119,125,76.4495361410936
121,125,158.238978683585
123,125,23.9534392533635
127,125,95.3010020596997
129,125,120.299265079509
131,125,139.61203900358
133,125,118.067204242034
135,125,55.7958718155089
137,125,159.301653004339
139,125,192.164295794439
141,125,105.731455845374
143,125,182.637908037604
145,125,79.7611790630871
147,125,120.236619973307
149,125,151.540144437942
151,125,33.1379676698822
153,125,26.100032402961
155,125,51.1019168870414
157,125,75.8941351614647
159,125,63.0248867614511
161,125,137.57905885664
163,125,66.4434754067398
165,125,32.4841148159702
167,125,43.6225079795491
169,125,86.7085729532867
171,125,101.931469789176
173,125,225.017194097792
175,125,188.328416152234
177,125,190.245807186038
179,125,63.2437909551014
181,125,94.5703423532659
183,125,57.2330400975492
185,125,107.830338702632
187,125,167.547775252595
189,125,140.363856077191
191,125,83.263002310067
193,125,113.05207829046
195,125,91.956419946496
197,125,88.6052341684205
199,125,163.579793616009
1,169,53.0570026684487
3,169,62.0779641652224
5,169,49.9812495958693
7,169,99.0143062837338
9,169,70.0606448016505
11,169,96.4386165603452
13,169,200.411868844795
15,169,184.149846686671
17,169,157.53851118393
19,169,198.995715618938
21,169,139.332714821863
23,169,93.6874030602881
25,169,72.3832536901691
27,169,78.3136568583424
29,169,226.822634019888
31,169,234.218757854262
33,169,50.4320274669203
35,169,74.7543780846373
37,169,73.3375547031762
39,169,231.459441448914
41,169,203.512642234829
43,169,218.019634015651
45,169,104.427431052241
47,169,173.491443910754
49,169,198.023821488777
51,169,122.519195468509
53,169,239.053181227028
55,169,255.924553361635
57,169,42.1225035684262
59,169,36.9124866432368
61,169,164.499849729174
63,169,80.0201329574156
65,169,150.876431418406
67,169,18.8565654146902
69,169,111.165863963329
71,169,93.0066725621244
73,169,196.645539478746
75,169,213.891707085812
77,169,88.3070736520895
79,169,156.609173475711
81,169,33.692294679188
83,169,144.798032065966
85,169,104.78651705629
87,169,163.651376205465
89,169,145.517615883695
91,169,181.218083546496
93,169,110.965944850135
95,169,238.755391813181
97,169,54.4410059719375
99,169,179.398344979841
101,169,121.442605590075
103,169,187.441082464412
105,169,87.6072196035237
107,169,166.464520497199
109,169,83.9633682983182
111,169,112.68871557805
113,169,198.228168263437
115,169,142.97620045814
117,169,178.762990413755
119,169,86.6230366370962
121,169,110.626333881087
123,169,76.0133252337783
125,169,86.7085729532867
127,169,129.165465989225
129,169,203.707830632867
131,169,157.963985287115
133,169,190.999961757903
135,169,66.7302634560202
137,169,218.343075718596
139,169,221.656454933711
141,169,185.976336344711
143,169,214.128706243854
145,169,70.8540425078519
147,169,169.809948856745
149,169,133.076757389045
151,169,53.7236578177299
153,169,100.732360104728
155,169,137.72726065251
157,169,25.4339404186945
159,169,55.2193889401352
161,169,116.749780088774
163,169,143.258892813714
165,169,116.236575075803
167,169,75.5701478906369
171,169,24.8785397842454
173,169,189.37325505127
175,169,166.318995017623
177,169,230.279456986933
179,169,98.9625366554695
181,169,102.038178157296
183,169,98.3246040905652
185,169,118.97168986216
187,169,208.255931428554
189,169,82.6970917066128
191,169,144.299125474786
193,169,53.2928268694821
195,169,138.33646989906
197,169,29.15903644103
199,169,120.558256204819
1,85,55.1637359536337
3,85,134.97293143532
5,85,148.295221663711
7,85,75.0418923401914
9,85,164.492528025801
11,85,177.798093923629
13,85,114.538061753979
15,85,117.310516136181
17,85,56.8617247776567
19,85,98.9002755653392
21,85,206.495178996463
23,85,161.445497659155
25,85,94.7219617313182
27,85,154.681439317995
29,85,165.950002169785
31,85,137.124409086355
33,85,75.3399581948804
35,85,133.300925853207
37,85,31.562592340507
39,85,293.223328505886
41,85,137.633565430162
43,85,276.35463942902
45,85,151.351568873064
47,85,77.720684678474
49,85,102.426335656496
51,85,22.1350986147723
53,85,178.109784468695
55,85,175.393948915722
57,85,80.5916569361846
59,85,101.49800890007
61,85,60.8972631710762
63,85,46.1524989457793
65,85,80.6996161892415
67,85,93.8964500156227
69,85,59.6798315494047
71,85,130.065853129764
73,85,142.260625334038
75,85,279.425639975946
77,85,65.4498898209597
79,85,67.4518013767246
81,85,71.1014469754414
83,85,91.8974223191797
87,85,231.148906058339
89,85,203.323965635592
91,85,126.186763974098
93,85,32.0435697254228
95,85,153.114719822794
97,85,116.532434294661
99,85,240.132054268321
101,85,30.1006314816036
103,85,88.6464867403727
105,85,18.4819424189245
107,85,70.0848950128676
109,85,132.758614871357
111,85,179.917978275812
113,85,257.122893300592
115,85,218.433009815723
117,85,104.050402423285
119,85,110.955994878014
121,85,190.010711585069
123,85,58.2267885932011
125,85,34.5644481189013
127,85,64.5424090366184
129,85,99.9792381714216
131,85,109.972394062505
133,85,87.9544341964207
135,85,49.9152114867885
137,85,125.422253341477
139,85,158.870041545808
141,85,81.2513085139564
143,85,149.191584218838
145,85,70.5159126677619
147,85,85.7391149502581
149,85,185.903624425083
151,85,57.5937488578246
153,85,55.587277416988
155,85,52.0419168215016
157,85,86.572082700979
159,85,94.8767835089725
161,85,171.70129286344
163,85,38.4754589088585
165,85,50.0625833955694
167,85,78.0370740461754
169,85,104.78651705629
171,85,124.697315355483
173,85,258.859197353301
175,85,222.745947175995
177,85,155.898367854346
179,85,97.2175100764721
181,85,73.6552051059919
183,85,31.6415737149078
185,85,83.2117570641917
187,85,133.27915648167
189,85,169.943807039445
191,85,48.8395098085192
193,85,141.064685563076
195,85,58.361430898268
197,85,114.415866269743
199,85,196.07941775673
1,123,56.2679310277519
3,123,82.0659005196945
5,123,105.118913216924
7,123,27.6480026460412
9,123,117.151503388707
11,123,123.986362188647
13,123,172.720698287044
15,123,172.455343152235
17,123,92.8879268051646
19,123,130.884547214437
21,123,148.953089223837
23,123,105.157435829859
25,123,36.7112828292316
27,123,100.830120182504
29,123,220.745437812632
31,123,193.760556498963
33,123,79.6126788368298
35,123,77.0315017983335
37,123,44.6105174927318
39,123,234.996760960306
41,123,193.053587975001
43,123,218.147887590628
45,123,93.1648338283978
47,123,103.52408150593
49,123,159.970862990145
51,123,63.8992028813974
53,123,233.123461335272
55,123,233.486429205217
57,123,35.8603819869705
59,123,54.3508745042571
61,123,114.786456318754
63,123,75.140790047668
65,123,135.300474729445
67,123,58.2985723824689
69,123,104.675423500314
71,123,71.8394480818264
73,123,194.76955982486
75,123,221.29460175286
77,123,96.4025590150082
79,123,125.548438965486
81,123,51.6064158161144
83,123,141.469918051965
85,123,58.2267885932011
87,123,173.376272716543
89,123,145.157115046774
91,123,178.340346860783
93,123,43.4754345065139
95,123,211.341502976914
97,123,63.4085748227017
99,123,181.93740901867
101,123,87.3749792901929
103,123,145.410617529295
105,123,42.3095373357308
107,123,127.935088696555
109,123,75.101086773526
111,123,122.894916846438
113,123,198.896694616315
115,123,161.90597637906
117,123,160.634792789904
119,123,52.803900979617
121,123,135.11102745159
125,123,23.9534392533635
127,123,116.019422970544
129,123,140.514757989582
131,123,159.007817955203
133,123,141.481539116536
135,123,66.6670341833592
137,123,183.247897061759
139,123,213.990468307484
141,123,127.660278881337
143,123,204.628161295951
145,123,89.493629315782
147,123,143.540129385966
149,123,127.685573635156
151,123,26.2761055779583
153,123,24.846181827328
155,123,66.3268665242361
157,123,72.3738664329945
159,123,40.6699888842374
161,123,113.633902046329
163,123,89.845838069901
165,123,42.03053266475
167,123,19.8309599632664
169,123,76.0133252337783
171,123,86.3642392525921
173,123,201.067593758465
175,123,164.519283523783
177,123,213.218842605338
179,123,42.7008854898813
181,123,109.925222624583
